GAS
128 129 130 
GO
128 129 
GOS
128 129 130 
HA
128 129 
HAO
128 129 130 
HAS
128 129 130 
HO
128 129 
HOS
128 129 130 
MA
128 129 
MAS
128 129 130 
MO
128 129 
MOS
128 129 130 
SO
128 129 
AG
127 128 
AGO
127 128 129 
AH
127 128 
AM
127 128 
AS
127 128 
AX
127 128 
AGS
126 127 128 
AHS
126 127 128 
ASH
126 127 128 
GAM
126 127 128 
GAS
126 127 128 
GAMS
125 126 127 128 
GASH
125 126 127 128 
GOA
126 127 128 
GOS
126 127 128 
GOX
126 127 128 
GOAS
125 126 127 128 
GOSH
125 126 127 128 
HA
127 128 
HAO
127 128 129 
HAOS
127 128 129 130 
HM
127 128 
HAG
126 127 128 
HAM
126 127 128 
HAS
126 127 128 
HAGS
125 126 127 128 
HAMS
125 126 127 128 
HAOS
125 126 127 128 
HOA
126 127 128 
HOG
126 127 128 
HOM
126 127 128 
HOMA
126 127 128 129 
HOMAS
126 127 128 129 130 
HOS
126 127 128 
HOX
126 127 128 
HOAS
125 126 127 128 
HOAX
125 126 127 128 
HOGS
125 126 127 128 
HOMA
125 126 127 128 
HOMS
125 126 127 128 
HOMAS
124 125 126 127 128 
MA
127 128 
MHO
127 128 129 
MHOS
127 128 129 130 
MAG
126 127 128 
MAS
126 127 128 
MAX
126 127 128 
MAGS
125 126 127 128 
MASH
125 126 127 128 
MHOS
125 126 127 128 
MOA
126 127 128 
MOG
126 127 128 
MOS
126 127 128 
MOXA
126 127 128 129 
MOXAS
126 127 128 129 130 
MOAS
125 126 127 128 
MOGS
125 126 127 128 
MOSH
125 126 127 128 
MOXA
125 126 127 128 
MOXAS
124 125 126 127 128 
OH
127 128 
OM
127 128 
OMA
127 128 129 
OMAS
127 128 129 130 
OS
127 128 
OX
127 128 
OGAM
125 126 127 128 
OGAMS
124 125 126 127 128 
OGHAM
124 125 126 127 128 
OGHAMS
123 124 125 126 127 128 
OHM
126 127 128 
OHS
126 127 128 
OHMS
125 126 127 128 
OMA
126 127 128 
OMS
126 127 128 
OMAS
125 126 127 128 
SH
127 128 
SHA
127 128 129 
SHO
127 128 129 
SMA
127 128 129 
SAG
126 127 128 
SAGO
126 127 128 129 
SAM
126 127 128 
SAX
126 127 128 
SHA
126 127 128 
SHMO
126 127 128 129 
SHAG
125 126 127 128 
SHAM
125 126 127 128 
SHOG
125 126 127 128 
SMA
126 127 128 
SMOG
125 126 127 128 
SOG
126 127 128 
SOH
126 127 128 
SOM
126 127 128 
SOMA
126 127 128 129 
SOX
126 127 128 
SOMA
125 126 127 128 
HA
98 99 
HAG
98 99 100 
HAM
98 99 100 
HAO
98 99 100 
HAS
98 99 100 
MA
98 99 
MAG
98 99 100 
MAS
98 99 100 
MAX
98 99 100 
AH
97 98 
AM
97 98 
ASH
96 97 98 
GAM
96 97 98 
GASH
95 96 97 98 
GOA
96 97 98 
GOSH
95 96 97 98 
HA
97 98 
HM
97 98 
HAM
96 97 98 
HOA
96 97 98 
HOM
96 97 98 
HOMA
96 97 98 99 
HOMAS
96 97 98 99 100 
HOMA
95 96 97 98 
MA
97 98 
MASH
95 96 97 98 
MOA
96 97 98 
MOSH
95 96 97 98 
MOXA
95 96 97 98 
OH
97 98 
OM
97 98 
OMA
97 98 99 
OMAS
97 98 99 100 
OGHAM
96 97 98 99 100 
OGAM
95 96 97 98 
OGHAM
94 95 96 97 98 
OHM
96 97 98 
OMA
96 97 98 
SH
97 98 
SHA
97 98 99 
SHAG
97 98 99 100 
SHAM
97 98 99 100 
SMA
97 98 99 
SAM
96 97 98 
SHA
96 97 98 
SHAM
95 96 97 98 
SMA
96 97 98 
SOH
96 97 98 
SOM
96 97 98 
SOMA
96 97 98 99 
SOMA
95 96 97 98 
AS
129 130 
OS
129 130 
AG
99 100 
AH
99 100 
AM
99 100 
AS
99 100 
AX
99 100 
AG
132 133 
AGO
132 133 134 
AGS
132 133 134 
AH
132 133 
AHS
132 133 134 
AM
132 133 
AS
132 133 
ASH
132 133 134 
AX
132 133 
HA
132 133 
HAG
132 133 134 
HAM
132 133 134 
HAO
132 133 134 
HAS
132 133 134 
HM
132 133 
HO
132 133 
HOA
132 133 134 
HOG
132 133 134 
HOM
132 133 134 
HOS
132 133 134 
HOX
132 133 134 
MA
132 133 
MAG
132 133 134 
MAS
132 133 134 
MAX
132 133 134 
MHO
132 133 134 
MO
132 133 
MOA
132 133 134 
MOG
132 133 134 
MOS
132 133 134 
SAG
132 133 134 
SAM
132 133 134 
SAX
132 133 134 
SH
132 133 
SHA
132 133 134 
SHO
132 133 134 
SMA
132 133 134 
SO
132 133 
SOG
132 133 134 
SOH
132 133 134 
SOM
132 133 134 
SOX
132 133 134 
AG
102 103 
AGO
102 103 104 
AGS
102 103 104 
AH
102 103 
AHS
102 103 104 
AM
102 103 
AS
102 103 
ASH
102 103 104 
AX
102 103 
HA
102 103 
HAG
102 103 104 
HAM
102 103 104 
HAO
102 103 104 
HAS
102 103 104 
HM
102 103 
HO
102 103 
HOA
102 103 104 
HOG
102 103 104 
HOM
102 103 104 
HOS
102 103 104 
HOX
102 103 104 
MA
102 103 
MAG
102 103 104 
MAS
102 103 104 
MAX
102 103 104 
MHO
102 103 104 
MO
102 103 
MOA
102 103 104 
MOG
102 103 104 
MOS
102 103 104 
OH
102 103 
OHM
102 103 104 
OHS
102 103 104 
OM
102 103 
OMA
102 103 104 
OMS
102 103 104 
OS
102 103 
OX
102 103 
