AE
97 112 
EA
97 112 
EE
97 112 
AE
82 97 
AGE
67 82 97 
AGEE
67 82 97 112 
AGEE
52 67 82 97 
AGENE
37 52 67 82 97 
ANE
67 82 97 
EA
82 97 
EE
82 97 
EASE
52 67 82 97 
ENE
67 82 97 
ENNAGE
22 37 52 67 82 97 
ESNE
52 67 82 97 
GAE
82 97 112 
GEE
82 97 112 
GAE
67 82 97 
GANE
52 67 82 97 
GEE
67 82 97 
GENA
52 67 82 97 
GENE
52 67 82 97 
NA
82 97 
NAE
82 97 112 
NE
82 97 
NEE
82 97 112 
NAE
67 82 97 
NANE
52 67 82 97 
NEE
67 82 97 
NENE
52 67 82 97 
SAE
82 97 112 
SEA
82 97 112 
SEE
82 97 112 
SAE
67 82 97 
SAGE
52 67 82 97 
SAGENE
22 37 52 67 82 97 
SANE
52 67 82 97 
SEA
67 82 97 
SEE
67 82 97 
SENA
52 67 82 97 
SENE
52 67 82 97 
SENEGA
22 37 52 67 82 97 
SENNA
37 52 67 82 97 
SNEE
67 82 97 112 
SNEE
52 67 82 97 
AI
127 142 
GI
127 142 
SI
127 142 
SJOE
126 141 156 171 
GAJO
111 126 141 156 
GAJOS
111 126 141 156 171 
AI
127 142 
GI
127 142 
SI
127 142 
AS
130 145 
AGS
115 130 145 
AGES
100 115 130 145 
AGENES
70 85 100 115 130 145 
ANS
115 130 145 
ANES
100 115 130 145 
ANNS
100 115 130 145 
ES
130 145 
EAS
115 130 145 
EASE
115 130 145 160 
EANS
100 115 130 145 
ENS
115 130 145 
ENES
100 115 130 145 
ENGS
100 115 130 145 
ENNAGES
55 70 85 100 115 130 145 
GAS
115 130 145 
GAES
100 115 130 145 
GANS
100 115 130 145 
GEANS
85 100 115 130 145 
GEES
100 115 130 145 
GENS
100 115 130 145 
GENAS
85 100 115 130 145 
GENES
85 100 115 130 145 
NAS
115 130 145 
NAES
100 115 130 145 
NAGS
100 115 130 145 
NANS
100 115 130 145 
NEGS
100 115 130 145 
NENES
85 100 115 130 145 
WAE
154 169 184 
WAES
154 169 184 199 
WAG
154 169 184 
WAGE
154 169 184 199 
WAGS
154 169 184 199 
WAN
154 169 184 
WANE
154 169 184 199 
WANG
154 169 184 199 
WANS
154 169 184 199 
WAS
154 169 184 
WASE
154 169 184 199 
WE
154 169 
WEAN
154 169 184 199 
WEE
154 169 184 
WEEN
154 169 184 199 
WEES
154 169 184 199 
WEN
154 169 184 
WENA
154 169 184 199 
WENS
154 169 184 199 
AW
139 154 
AWE
139 154 169 
AWEE
139 154 169 184 
AWES
139 154 169 184 
AWN
139 154 169 
AWNS
139 154 169 184 
EW
139 154 
EWE
139 154 169 
EWES
139 154 169 184 
SWAG
139 154 169 184 
SWAGE
139 154 169 184 199 
SWAN
139 154 169 184 
SWANG
139 154 169 184 199 
SWEE
139 154 169 184 
ANEW
109 124 139 154 
EEW
124 139 154 
ENEW
109 124 139 154 
ENEWS
109 124 139 154 169 
ENSEW
94 109 124 139 154 
GAW
124 139 154 
GAWS
124 139 154 169 
GNAW
109 124 139 154 
GNAWN
109 124 139 154 169 
GNAWS
109 124 139 154 169 
NAW
124 139 154 
NEW
124 139 154 
NEWS
124 139 154 169 
NGWEE
124 139 154 169 184 
NGWEES
124 139 154 169 184 199 
SAW
124 139 154 
SAWN
124 139 154 169 
SEW
124 139 154 
SEWAGE
124 139 154 169 184 199 
SEWAN
124 139 154 169 184 
SEWEN
124 139 154 169 184 
SEWN
124 139 154 169 
SNAW
109 124 139 154 
OE
155 170 
OES
155 170 185 
OGEE
155 170 185 200 
ON
155 170 
ONE
155 170 185 
ONES
155 170 185 200 
ONS
155 170 185 
OS
155 170 
OSE
155 170 185 
JOE
141 156 171 
JOES
141 156 171 186 
JOG
141 156 171 
JOGS
141 156 171 186 
JONES
141 156 171 186 201 
JONG
141 156 171 186 
JONGS
141 156 171 186 201 
TRUGS
144 159 174 189 204 
